function [x,V] = Cdb_interp(u)
x=[1 1.1 1.2 1.3 1.4 1.5 2 2.5 3 3.5 4 4.5 5 5.5 6];
V=[0.178 0.212 0.216 0.2 0.191 0.18 0.144 0.119 0.098 0.08 0.069 0.058 0.05 0.044 0.038];
end