function [theta,alpha,K_data] = K_theta_interp
theta=[0:10:90];
alpha=[0 2 4	6	8	10	12	15	20	25	30	40	50	60	65	70	75 78	80	82	84	86	88	90];
K_data=[0 0 0 0 0 0 0 0 0 0;
    0	0.04	0.07	0.09	0.11	0.11	0.09	0.07	0.04	0;
0	0.07	0.14	0.185	0.22	0.22	0.185	0.14	0.07	0;
0.01	0.11	0.21	0.28	0.33	0.33	0.28	0.21	0.11	0;
0.035	0.15	0.275	0.375	0.425	0.425	0.375	0.275	0.15	0;
0.048	0.18	0.35	0.46	0.54	0.54	0.46	0.35	0.18	0;
0.7	0.22	0.42	0.55	0.63	0.63	0.55	0.42	0.22	0;
0.1	0.26	0.5	0.68	0.76	0.76	0.68	0.5	0.26	0;
0.155	0.37	0.65	0.86	0.99	0.99	0.86	0.65	0.37	0;
0.25	0.48	0.78	1.4	1.18	1.18	1.4	0.78	0.48	0;
0.34	0.6	0.9	1.17	1.34	1.34	1.17	0.9	0.6	0;
0.55	0.85	1.13	1.36	1.53	1.53	1.36	1.13	0.85	0;
0.79	1.05	1.29	1.46	1.55	1.53	1.35	1	0.5	0;
1	1.23	1.38	1.46	1.45	1.36	1.16	0.85	0.45	0;
1.1	1.28	1.4	1.43	1.38	1.25	1.05	0.75	0.4	0;
1.19	1.34	1.39	1.38	1.28	1.11	0.9	0.65	0.35	0;
1.25	1.35	1.37	1.3	1.16	0.98	0.75	0.5	0.25	0;
1.28	1.35	1.34	1.25	1.1	0.89	0.65	0.43	0.21	0;
1.3	1.35	1.32	1.21	1.05	0.84	0.6	0.37	0.17	0;
1.32	1.345	1.3	1.18	1	0.77	0.55	0.33	0.14	0;
1.325	1.34	1.27	1.14	0.95	0.71	0.49	0.28	0.12	0;
1.34	1.33	1.24	1.09	0.89	0.65	0.44	0.24	0.085	0;
1.342	1.31	1.2	1.05	0.84	0.6	0.37	0.19	0.06	0;
1.343	1.28	1.17	0.99	0.76	0.55	0.335	0.15	0.04	0];
%create interpolant
 theta=theta(:);
end