function [h_stand,press_stand,temp_stand,dens_stand,a_stand]=stand_atm()
stand_atm1=[0	288.15	101325	1.225	340.294
1000	281.65	89874.6	1.11164	336.434
2000	275.15	79495.2	1.00649	332.529
3000	268.65	70108.5	0.909122	328.578
4000	262.15	61640.2	0.819129	324.579
5000	255.65	54019.9	0.736116	320.529
6000	249.15	47181	0.659697	316.428
7000	242.65	41060.7	0.589501	312.274
8000	236.15	35599.8	0.525168	308.063
9000	229.65	30742.5	0.466348	303.793
10000	223.15	26436.3	0.412707	299.463
11000	216.65	22632.1	0.363918	295.07
12000	216.65	19330.4	0.310828	295.07
13000	216.65	16510.4	0.265483	295.07
14000	216.65	14101.8	0.226753	295.07
15000	216.65	12044.6	0.193674	295.07
16000	216.65	10287.5	0.16542	295.07
17000	216.65	8786.68	0.141288	295.07
18000	216.65	7504.84	0.120676	295.07
19000	216.65	6410.01	0.103071	295.07
20000	216.65	5474.89	0.0880349	295.07
21000	217.65	4677.89	0.0748737	295.75
22000	218.65	3999.79	0.0637273	296.428
23000	219.65	3422.43	0.0542803	297.105
24000	220.65	2930.49	0.0462674	297.781
25000	221.65	2511.02	0.0394658	298.455
26000	222.65	2153.09	0.0336882	299.128
27000	223.65	1847.46	0.0287769	299.799
28000	224.65	1586.29	0.0245988	300.468
29000	225.65	1362.96	0.021042	301.136
30000	226.65	1171.87	0.0180119	301.803
31000	227.65	1008.23	0.0154288	302.468
32000	228.65	868.019	0.013225	303.131
33000	231.45	748.228	0.011262	304.982
34000	234.25	646.122	0.00960889	306.821
35000	237.05	558.924	0.00821392	308.649
36000	239.85	484.317	0.00703441	310.467
37000	242.65	420.367	0.00603513	312.274
38000	245.45	365.455	0.00518691	314.07
39000	248.25	318.22	0.00446557	315.856
40000	251.05	277.522	0.00385101	317.633
41000	253.85	242.395	0.00332648	319.399
42000	256.65	212.03	0.00287802	321.156
43000	259.45	185.738	0.00249393	322.903
44000	262.25	162.937	0.00216443	324.641
45000	265.05	143.135	0.00188129	326.369
46000	267.85	125.91	0.0016376	328.088
47000	270.65	110.906	0.00142753	329.799
48000	270.65	97.7545	0.00125825	329.799
49000	270.65	86.1623	0.00110904	329.799
50000	270.65	75.9448	0.000977525	329.799
51000	270.65	66.9389	0.000861606	329.799
52000	267.85	58.9622	0.000766867	328.088
53000	265.05	51.8668	0.00068171	326.369
54000	262.25	45.5632	0.000605252	324.641
55000	259.45	39.97	0.000536684	322.903
56000	256.65	35.0137	0.000475263	321.156
57000	253.85	30.6274	0.000420311	319.399
58000	251.05	26.7509	0.000371207	317.633
59000	248.25	23.3296	0.000327382	315.856
60000	245.45	20.3143	0.000288321	314.07
61000	242.65	17.6606	0.00025355	312.274
62000	239.85	15.3287	0.00022264	310.467
63000	237.05	13.2826	0.0001952	308.649
64000	234.25	11.49	0.000170875	306.821
65000	231.45	9.92203	0.000149342	304.982
66000	228.65	8.55275	0.000130308	303.131
67000	225.85	7.35895	0.00011351	301.269
68000	223.05	6.31992	9.87069E-05	299.396
69000	220.25	5.41717	0.000085683	297.511
70000	217.45	4.63422	0.000074243	295.614
71000	214.65	3.95642	0.000064211	293.704
72000	212.65	3.37176	0.000055237	292.333
73000	210.65	2.86917	4.74496E-05	290.955
74000	208.65	2.43773	0.000040701	289.57
75000	206.65	2.06792	3.48607E-05	288.179
76000	204.65	1.7514	2.98135E-05	286.781
77000	202.65	1.48092	2.54579E-05	285.377
78000	200.65	1.25012	2.17046E-05	283.965
79000	198.65	1.05351	1.84751E-05	282.546
80000	196.65	0.88628	1.57005E-05	281.12
81000	194.65	0.74428	1.33205E-05	279.687
82000	192.65	0.623905	0.000011282	278.246
83000	190.65	0.522037	9.53899E-06	276.798
84000	188.65	0.435981	8.05098E-06	275.343
85000	186.946	0.36342	6.77222E-06	274.096
86000	186.946	0.302723	5.64114E-06	274.096
90000	186.946	0.16438	3.17E-06	274.096
100000	210.02	0.030075	4.97E-07	274.096];
h_stand=stand_atm1(:,1);
press_stand=stand_atm1(:,3);
temp_stand=stand_atm1(:,2);
dens_stand=stand_atm1(:,4);
a_stand=stand_atm1(:,5);
end